{
 "cells": [
  {
   "cell_type": "markdown",
   "id": "27d3b202",
   "metadata": {},
   "source": [
    "# This is my notebook on Chapter 1 from Wooldridge\n",
    "### I did 4 computer exercises"
   ]
  },
  {
   "cell_type": "code",
   "execution_count": 26,
   "id": "071086c4",
   "metadata": {},
   "outputs": [],
   "source": [
    "import wooldridge\n",
    "import statsmodels.api as sm\n",
    "import statsmodels.formula.api as smf\n",
    "import plotly.express as px\n",
    "from plotly.subplots import make_subplots\n",
    "import plotly.graph_objects as go\n",
    "import numpy as np\n",
    "import scipy.stats as st"
   ]
  },
  {
   "cell_type": "markdown",
   "id": "83ea92f6",
   "metadata": {},
   "source": [
    "## Task 1"
   ]
  },
  {
   "cell_type": "code",
   "execution_count": 27,
   "id": "197ecc4d",
   "metadata": {},
   "outputs": [
    {
     "data": {
      "text/html": [
       "<div>\n",
       "<style scoped>\n",
       "    .dataframe tbody tr th:only-of-type {\n",
       "        vertical-align: middle;\n",
       "    }\n",
       "\n",
       "    .dataframe tbody tr th {\n",
       "        vertical-align: top;\n",
       "    }\n",
       "\n",
       "    .dataframe thead th {\n",
       "        text-align: right;\n",
       "    }\n",
       "</style>\n",
       "<table border=\"1\" class=\"dataframe\">\n",
       "  <thead>\n",
       "    <tr style=\"text-align: right;\">\n",
       "      <th></th>\n",
       "      <th>faminc</th>\n",
       "      <th>cigtax</th>\n",
       "      <th>cigprice</th>\n",
       "      <th>bwght</th>\n",
       "      <th>fatheduc</th>\n",
       "      <th>motheduc</th>\n",
       "      <th>parity</th>\n",
       "      <th>male</th>\n",
       "      <th>white</th>\n",
       "      <th>cigs</th>\n",
       "      <th>lbwght</th>\n",
       "      <th>bwghtlbs</th>\n",
       "      <th>packs</th>\n",
       "      <th>lfaminc</th>\n",
       "    </tr>\n",
       "  </thead>\n",
       "  <tbody>\n",
       "    <tr>\n",
       "      <th>0</th>\n",
       "      <td>13.5</td>\n",
       "      <td>16.5</td>\n",
       "      <td>122.300003</td>\n",
       "      <td>109</td>\n",
       "      <td>12.0</td>\n",
       "      <td>12.0</td>\n",
       "      <td>1</td>\n",
       "      <td>1</td>\n",
       "      <td>1</td>\n",
       "      <td>0</td>\n",
       "      <td>4.691348</td>\n",
       "      <td>6.8125</td>\n",
       "      <td>0.0</td>\n",
       "      <td>2.602690</td>\n",
       "    </tr>\n",
       "    <tr>\n",
       "      <th>1</th>\n",
       "      <td>7.5</td>\n",
       "      <td>16.5</td>\n",
       "      <td>122.300003</td>\n",
       "      <td>133</td>\n",
       "      <td>6.0</td>\n",
       "      <td>12.0</td>\n",
       "      <td>2</td>\n",
       "      <td>1</td>\n",
       "      <td>0</td>\n",
       "      <td>0</td>\n",
       "      <td>4.890349</td>\n",
       "      <td>8.3125</td>\n",
       "      <td>0.0</td>\n",
       "      <td>2.014903</td>\n",
       "    </tr>\n",
       "    <tr>\n",
       "      <th>2</th>\n",
       "      <td>0.5</td>\n",
       "      <td>16.5</td>\n",
       "      <td>122.300003</td>\n",
       "      <td>129</td>\n",
       "      <td>NaN</td>\n",
       "      <td>12.0</td>\n",
       "      <td>2</td>\n",
       "      <td>0</td>\n",
       "      <td>0</td>\n",
       "      <td>0</td>\n",
       "      <td>4.859812</td>\n",
       "      <td>8.0625</td>\n",
       "      <td>0.0</td>\n",
       "      <td>-0.693147</td>\n",
       "    </tr>\n",
       "    <tr>\n",
       "      <th>3</th>\n",
       "      <td>15.5</td>\n",
       "      <td>16.5</td>\n",
       "      <td>122.300003</td>\n",
       "      <td>126</td>\n",
       "      <td>12.0</td>\n",
       "      <td>12.0</td>\n",
       "      <td>2</td>\n",
       "      <td>1</td>\n",
       "      <td>0</td>\n",
       "      <td>0</td>\n",
       "      <td>4.836282</td>\n",
       "      <td>7.8750</td>\n",
       "      <td>0.0</td>\n",
       "      <td>2.740840</td>\n",
       "    </tr>\n",
       "    <tr>\n",
       "      <th>4</th>\n",
       "      <td>27.5</td>\n",
       "      <td>16.5</td>\n",
       "      <td>122.300003</td>\n",
       "      <td>134</td>\n",
       "      <td>14.0</td>\n",
       "      <td>12.0</td>\n",
       "      <td>2</td>\n",
       "      <td>1</td>\n",
       "      <td>1</td>\n",
       "      <td>0</td>\n",
       "      <td>4.897840</td>\n",
       "      <td>8.3750</td>\n",
       "      <td>0.0</td>\n",
       "      <td>3.314186</td>\n",
       "    </tr>\n",
       "    <tr>\n",
       "      <th>...</th>\n",
       "      <td>...</td>\n",
       "      <td>...</td>\n",
       "      <td>...</td>\n",
       "      <td>...</td>\n",
       "      <td>...</td>\n",
       "      <td>...</td>\n",
       "      <td>...</td>\n",
       "      <td>...</td>\n",
       "      <td>...</td>\n",
       "      <td>...</td>\n",
       "      <td>...</td>\n",
       "      <td>...</td>\n",
       "      <td>...</td>\n",
       "      <td>...</td>\n",
       "    </tr>\n",
       "    <tr>\n",
       "      <th>1383</th>\n",
       "      <td>27.5</td>\n",
       "      <td>30.0</td>\n",
       "      <td>138.300003</td>\n",
       "      <td>110</td>\n",
       "      <td>12.0</td>\n",
       "      <td>12.0</td>\n",
       "      <td>4</td>\n",
       "      <td>1</td>\n",
       "      <td>1</td>\n",
       "      <td>0</td>\n",
       "      <td>4.700480</td>\n",
       "      <td>6.8750</td>\n",
       "      <td>0.0</td>\n",
       "      <td>3.314186</td>\n",
       "    </tr>\n",
       "    <tr>\n",
       "      <th>1384</th>\n",
       "      <td>5.5</td>\n",
       "      <td>30.0</td>\n",
       "      <td>138.300003</td>\n",
       "      <td>146</td>\n",
       "      <td>NaN</td>\n",
       "      <td>16.0</td>\n",
       "      <td>2</td>\n",
       "      <td>1</td>\n",
       "      <td>1</td>\n",
       "      <td>0</td>\n",
       "      <td>4.983607</td>\n",
       "      <td>9.1250</td>\n",
       "      <td>0.0</td>\n",
       "      <td>1.704748</td>\n",
       "    </tr>\n",
       "    <tr>\n",
       "      <th>1385</th>\n",
       "      <td>65.0</td>\n",
       "      <td>8.0</td>\n",
       "      <td>118.599998</td>\n",
       "      <td>135</td>\n",
       "      <td>18.0</td>\n",
       "      <td>16.0</td>\n",
       "      <td>2</td>\n",
       "      <td>0</td>\n",
       "      <td>1</td>\n",
       "      <td>0</td>\n",
       "      <td>4.905275</td>\n",
       "      <td>8.4375</td>\n",
       "      <td>0.0</td>\n",
       "      <td>4.174387</td>\n",
       "    </tr>\n",
       "    <tr>\n",
       "      <th>1386</th>\n",
       "      <td>27.5</td>\n",
       "      <td>8.0</td>\n",
       "      <td>118.599998</td>\n",
       "      <td>118</td>\n",
       "      <td>NaN</td>\n",
       "      <td>14.0</td>\n",
       "      <td>2</td>\n",
       "      <td>0</td>\n",
       "      <td>1</td>\n",
       "      <td>0</td>\n",
       "      <td>4.770685</td>\n",
       "      <td>7.3750</td>\n",
       "      <td>0.0</td>\n",
       "      <td>3.314186</td>\n",
       "    </tr>\n",
       "    <tr>\n",
       "      <th>1387</th>\n",
       "      <td>37.5</td>\n",
       "      <td>8.0</td>\n",
       "      <td>118.599998</td>\n",
       "      <td>111</td>\n",
       "      <td>16.0</td>\n",
       "      <td>13.0</td>\n",
       "      <td>2</td>\n",
       "      <td>0</td>\n",
       "      <td>1</td>\n",
       "      <td>0</td>\n",
       "      <td>4.709530</td>\n",
       "      <td>6.9375</td>\n",
       "      <td>0.0</td>\n",
       "      <td>3.624341</td>\n",
       "    </tr>\n",
       "  </tbody>\n",
       "</table>\n",
       "<p>1388 rows × 14 columns</p>\n",
       "</div>"
      ],
      "text/plain": [
       "      faminc  cigtax    cigprice  bwght  fatheduc  motheduc  parity  male  \\\n",
       "0       13.5    16.5  122.300003    109      12.0      12.0       1     1   \n",
       "1        7.5    16.5  122.300003    133       6.0      12.0       2     1   \n",
       "2        0.5    16.5  122.300003    129       NaN      12.0       2     0   \n",
       "3       15.5    16.5  122.300003    126      12.0      12.0       2     1   \n",
       "4       27.5    16.5  122.300003    134      14.0      12.0       2     1   \n",
       "...      ...     ...         ...    ...       ...       ...     ...   ...   \n",
       "1383    27.5    30.0  138.300003    110      12.0      12.0       4     1   \n",
       "1384     5.5    30.0  138.300003    146       NaN      16.0       2     1   \n",
       "1385    65.0     8.0  118.599998    135      18.0      16.0       2     0   \n",
       "1386    27.5     8.0  118.599998    118       NaN      14.0       2     0   \n",
       "1387    37.5     8.0  118.599998    111      16.0      13.0       2     0   \n",
       "\n",
       "      white  cigs    lbwght  bwghtlbs  packs   lfaminc  \n",
       "0         1     0  4.691348    6.8125    0.0  2.602690  \n",
       "1         0     0  4.890349    8.3125    0.0  2.014903  \n",
       "2         0     0  4.859812    8.0625    0.0 -0.693147  \n",
       "3         0     0  4.836282    7.8750    0.0  2.740840  \n",
       "4         1     0  4.897840    8.3750    0.0  3.314186  \n",
       "...     ...   ...       ...       ...    ...       ...  \n",
       "1383      1     0  4.700480    6.8750    0.0  3.314186  \n",
       "1384      1     0  4.983607    9.1250    0.0  1.704748  \n",
       "1385      1     0  4.905275    8.4375    0.0  4.174387  \n",
       "1386      1     0  4.770685    7.3750    0.0  3.314186  \n",
       "1387      1     0  4.709530    6.9375    0.0  3.624341  \n",
       "\n",
       "[1388 rows x 14 columns]"
      ]
     },
     "execution_count": 27,
     "metadata": {},
     "output_type": "execute_result"
    }
   ],
   "source": [
    "data = wooldridge.data('BWGHT')\n",
    "data"
   ]
  },
  {
   "cell_type": "code",
   "execution_count": 28,
   "id": "3df76870",
   "metadata": {},
   "outputs": [
    {
     "name": "stdout",
     "output_type": "stream",
     "text": [
      "-0.17304492573586439\n"
     ]
    },
    {
     "data": {
      "application/vnd.plotly.v1+json": {
       "config": {
        "plotlyServerURL": "https://plot.ly"
       },
       "data": [
        {
         "coloraxis": "coloraxis",
         "hovertemplate": "x: %{x}<br>y: %{y}<br>color: %{z}<extra></extra>",
         "name": "0",
         "texttemplate": "%{z}",
         "type": "heatmap",
         "x": [
          "faminc",
          "cigtax",
          "cigprice",
          "bwght",
          "fatheduc",
          "motheduc",
          "parity",
          "male",
          "white",
          "cigs",
          "lbwght",
          "bwghtlbs",
          "packs",
          "lfaminc"
         ],
         "xaxis": "x",
         "y": [
          "faminc",
          "cigtax",
          "cigprice",
          "bwght",
          "fatheduc",
          "motheduc",
          "parity",
          "male",
          "white",
          "cigs",
          "lbwght",
          "bwghtlbs",
          "packs",
          "lfaminc"
         ],
         "yaxis": "y",
         "z": [
          [
           1,
           0.017934158789030756,
           0.09545581421796369,
           0.10893684257363538,
           0.44897387052516635,
           0.4559297003157119,
           -0.07668391301592735,
           -0.047984599615235504,
           0.3045563926432486,
           -0.17304492573586439,
           0.10478762025625694,
           0.10893684257363538,
           -0.17304492547870629,
           0.8651264065265644
          ],
          [
           0.017934158789030756,
           1,
           0.8759184789592799,
           0.04780179609207488,
           0.08346191066782697,
           0.05942805951312409,
           0.00837998236727639,
           0.04010649825205083,
           0.12184933436442709,
           0.02935278330372864,
           0.042317892368417896,
           0.04780179609207488,
           0.029352783182721803,
           0.024014094531459054
          ],
          [
           0.09545581421796369,
           0.8759184789592799,
           1,
           0.04918789943878166,
           0.09420481560482541,
           0.07086587198009908,
           -0.011729757537708635,
           0.037141600270042756,
           0.11050360537403978,
           0.009704190019481468,
           0.04542692066332409,
           0.04918789943878166,
           0.009704189912073983,
           0.09899994960028
          ],
          [
           0.10893684257363538,
           0.04780179609207488,
           0.04918789943878166,
           1,
           0.08402967977841004,
           0.06912703684672543,
           0.054509548990617725,
           0.07224241883612482,
           0.12697135341077842,
           -0.15076180254312668,
           0.975119552816081,
           1,
           -0.15076180288489618,
           0.10590880052307028
          ],
          [
           0.44897387052516635,
           0.08346191066782697,
           0.09420481560482541,
           0.08402967977841004,
           1,
           0.643482511588496,
           -0.043758361783080714,
           0.00911587711309832,
           0.11002920359174292,
           -0.17924407915214602,
           0.07463109649234019,
           0.08402967977841003,
           -0.17924407937996759,
           0.4119862559234258
          ],
          [
           0.4559297003157119,
           0.05942805951312409,
           0.07086587198009908,
           0.06912703684672543,
           0.643482511588496,
           1,
           -0.11531189946953198,
           0.0014536326471562822,
           0.1179347551602748,
           -0.21386510404437617,
           0.06426299745326858,
           0.06912703684672537,
           -0.21386510435981212,
           0.4144417017955701
          ],
          [
           -0.07668391301592735,
           0.00837998236727639,
           -0.011729757537708635,
           0.054509548990617725,
           -0.043758361783080714,
           -0.11531189946953198,
           1,
           -0.01346541796998606,
           -0.07816770934913798,
           0.06838294271170711,
           0.05151556286376803,
           0.05450954899061776,
           0.06838294280279801,
           -0.08809682244416059
          ],
          [
           -0.047984599615235504,
           0.04010649825205083,
           0.037141600270042756,
           0.07224241883612482,
           0.00911587711309832,
           0.0014536326471562822,
           -0.01346541796998606,
           1,
           -0.02193512850523755,
           -0.000489886694675976,
           0.06406770635780308,
           0.07224241883612494,
           -0.0004898870097208445,
           -0.044250584711888405
          ],
          [
           0.3045563926432486,
           0.12184933436442709,
           0.11050360537403978,
           0.12697135341077842,
           0.11002920359174292,
           0.1179347551602748,
           -0.07816770934913798,
           -0.02193512850523755,
           1,
           -0.018472492843428445,
           0.12916901952499427,
           0.12697135341077845,
           -0.01847249258601761,
           0.35501147348898743
          ],
          [
           -0.17304492573586439,
           0.02935278330372864,
           0.009704190019481468,
           -0.15076180254312668,
           -0.17924407915214602,
           -0.21386510404437617,
           0.06838294271170711,
           -0.000489886694675976,
           -0.018472492843428445,
           1,
           -0.14067430784391743,
           -0.15076180254312668,
           1.0000000000000004,
           -0.16361599844551628
          ],
          [
           0.10478762025625694,
           0.042317892368417896,
           0.04542692066332409,
           0.975119552816081,
           0.07463109649234019,
           0.06426299745326858,
           0.05151556286376803,
           0.06406770635780308,
           0.12916901952499427,
           -0.14067430784391743,
           1,
           0.9751195528160805,
           -0.14067430817729606,
           0.0992413404356143
          ],
          [
           0.10893684257363538,
           0.04780179609207488,
           0.04918789943878166,
           1,
           0.08402967977841003,
           0.06912703684672537,
           0.05450954899061776,
           0.07224241883612494,
           0.12697135341077845,
           -0.15076180254312668,
           0.9751195528160805,
           1,
           -0.15076180288489618,
           0.10590880052307028
          ],
          [
           -0.17304492547870629,
           0.029352783182721803,
           0.009704189912073983,
           -0.15076180288489618,
           -0.17924407937996759,
           -0.21386510435981212,
           0.06838294280279801,
           -0.0004898870097208445,
           -0.01847249258601761,
           1.0000000000000004,
           -0.14067430817729606,
           -0.15076180288489618,
           1,
           -0.16361599790324952
          ],
          [
           0.8651264065265644,
           0.024014094531459054,
           0.09899994960028,
           0.10590880052307028,
           0.4119862559234258,
           0.4144417017955701,
           -0.08809682244416059,
           -0.044250584711888405,
           0.35501147348898743,
           -0.16361599844551628,
           0.0992413404356143,
           0.10590880052307028,
           -0.16361599790324952,
           1
          ]
         ]
        }
       ],
       "layout": {
        "coloraxis": {
         "colorscale": [
          [
           0,
           "#0d0887"
          ],
          [
           0.1111111111111111,
           "#46039f"
          ],
          [
           0.2222222222222222,
           "#7201a8"
          ],
          [
           0.3333333333333333,
           "#9c179e"
          ],
          [
           0.4444444444444444,
           "#bd3786"
          ],
          [
           0.5555555555555556,
           "#d8576b"
          ],
          [
           0.6666666666666666,
           "#ed7953"
          ],
          [
           0.7777777777777778,
           "#fb9f3a"
          ],
          [
           0.8888888888888888,
           "#fdca26"
          ],
          [
           1,
           "#f0f921"
          ]
         ]
        },
        "template": {
         "data": {
          "bar": [
           {
            "error_x": {
             "color": "#2a3f5f"
            },
            "error_y": {
             "color": "#2a3f5f"
            },
            "marker": {
             "line": {
              "color": "#E5ECF6",
              "width": 0.5
             },
             "pattern": {
              "fillmode": "overlay",
              "size": 10,
              "solidity": 0.2
             }
            },
            "type": "bar"
           }
          ],
          "barpolar": [
           {
            "marker": {
             "line": {
              "color": "#E5ECF6",
              "width": 0.5
             },
             "pattern": {
              "fillmode": "overlay",
              "size": 10,
              "solidity": 0.2
             }
            },
            "type": "barpolar"
           }
          ],
          "carpet": [
           {
            "aaxis": {
             "endlinecolor": "#2a3f5f",
             "gridcolor": "white",
             "linecolor": "white",
             "minorgridcolor": "white",
             "startlinecolor": "#2a3f5f"
            },
            "baxis": {
             "endlinecolor": "#2a3f5f",
             "gridcolor": "white",
             "linecolor": "white",
             "minorgridcolor": "white",
             "startlinecolor": "#2a3f5f"
            },
            "type": "carpet"
           }
          ],
          "choropleth": [
           {
            "colorbar": {
             "outlinewidth": 0,
             "ticks": ""
            },
            "type": "choropleth"
           }
          ],
          "contour": [
           {
            "colorbar": {
             "outlinewidth": 0,
             "ticks": ""
            },
            "colorscale": [
             [
              0,
              "#0d0887"
             ],
             [
              0.1111111111111111,
              "#46039f"
             ],
             [
              0.2222222222222222,
              "#7201a8"
             ],
             [
              0.3333333333333333,
              "#9c179e"
             ],
             [
              0.4444444444444444,
              "#bd3786"
             ],
             [
              0.5555555555555556,
              "#d8576b"
             ],
             [
              0.6666666666666666,
              "#ed7953"
             ],
             [
              0.7777777777777778,
              "#fb9f3a"
             ],
             [
              0.8888888888888888,
              "#fdca26"
             ],
             [
              1,
              "#f0f921"
             ]
            ],
            "type": "contour"
           }
          ],
          "contourcarpet": [
           {
            "colorbar": {
             "outlinewidth": 0,
             "ticks": ""
            },
            "type": "contourcarpet"
           }
          ],
          "heatmap": [
           {
            "colorbar": {
             "outlinewidth": 0,
             "ticks": ""
            },
            "colorscale": [
             [
              0,
              "#0d0887"
             ],
             [
              0.1111111111111111,
              "#46039f"
             ],
             [
              0.2222222222222222,
              "#7201a8"
             ],
             [
              0.3333333333333333,
              "#9c179e"
             ],
             [
              0.4444444444444444,
              "#bd3786"
             ],
             [
              0.5555555555555556,
              "#d8576b"
             ],
             [
              0.6666666666666666,
              "#ed7953"
             ],
             [
              0.7777777777777778,
              "#fb9f3a"
             ],
             [
              0.8888888888888888,
              "#fdca26"
             ],
             [
              1,
              "#f0f921"
             ]
            ],
            "type": "heatmap"
           }
          ],
          "heatmapgl": [
           {
            "colorbar": {
             "outlinewidth": 0,
             "ticks": ""
            },
            "colorscale": [
             [
              0,
              "#0d0887"
             ],
             [
              0.1111111111111111,
              "#46039f"
             ],
             [
              0.2222222222222222,
              "#7201a8"
             ],
             [
              0.3333333333333333,
              "#9c179e"
             ],
             [
              0.4444444444444444,
              "#bd3786"
             ],
             [
              0.5555555555555556,
              "#d8576b"
             ],
             [
              0.6666666666666666,
              "#ed7953"
             ],
             [
              0.7777777777777778,
              "#fb9f3a"
             ],
             [
              0.8888888888888888,
              "#fdca26"
             ],
             [
              1,
              "#f0f921"
             ]
            ],
            "type": "heatmapgl"
           }
          ],
          "histogram": [
           {
            "marker": {
             "pattern": {
              "fillmode": "overlay",
              "size": 10,
              "solidity": 0.2
             }
            },
            "type": "histogram"
           }
          ],
          "histogram2d": [
           {
            "colorbar": {
             "outlinewidth": 0,
             "ticks": ""
            },
            "colorscale": [
             [
              0,
              "#0d0887"
             ],
             [
              0.1111111111111111,
              "#46039f"
             ],
             [
              0.2222222222222222,
              "#7201a8"
             ],
             [
              0.3333333333333333,
              "#9c179e"
             ],
             [
              0.4444444444444444,
              "#bd3786"
             ],
             [
              0.5555555555555556,
              "#d8576b"
             ],
             [
              0.6666666666666666,
              "#ed7953"
             ],
             [
              0.7777777777777778,
              "#fb9f3a"
             ],
             [
              0.8888888888888888,
              "#fdca26"
             ],
             [
              1,
              "#f0f921"
             ]
            ],
            "type": "histogram2d"
           }
          ],
          "histogram2dcontour": [
           {
            "colorbar": {
             "outlinewidth": 0,
             "ticks": ""
            },
            "colorscale": [
             [
              0,
              "#0d0887"
             ],
             [
              0.1111111111111111,
              "#46039f"
             ],
             [
              0.2222222222222222,
              "#7201a8"
             ],
             [
              0.3333333333333333,
              "#9c179e"
             ],
             [
              0.4444444444444444,
              "#bd3786"
             ],
             [
              0.5555555555555556,
              "#d8576b"
             ],
             [
              0.6666666666666666,
              "#ed7953"
             ],
             [
              0.7777777777777778,
              "#fb9f3a"
             ],
             [
              0.8888888888888888,
              "#fdca26"
             ],
             [
              1,
              "#f0f921"
             ]
            ],
            "type": "histogram2dcontour"
           }
          ],
          "mesh3d": [
           {
            "colorbar": {
             "outlinewidth": 0,
             "ticks": ""
            },
            "type": "mesh3d"
           }
          ],
          "parcoords": [
           {
            "line": {
             "colorbar": {
              "outlinewidth": 0,
              "ticks": ""
             }
            },
            "type": "parcoords"
           }
          ],
          "pie": [
           {
            "automargin": true,
            "type": "pie"
           }
          ],
          "scatter": [
           {
            "marker": {
             "colorbar": {
              "outlinewidth": 0,
              "ticks": ""
             }
            },
            "type": "scatter"
           }
          ],
          "scatter3d": [
           {
            "line": {
             "colorbar": {
              "outlinewidth": 0,
              "ticks": ""
             }
            },
            "marker": {
             "colorbar": {
              "outlinewidth": 0,
              "ticks": ""
             }
            },
            "type": "scatter3d"
           }
          ],
          "scattercarpet": [
           {
            "marker": {
             "colorbar": {
              "outlinewidth": 0,
              "ticks": ""
             }
            },
            "type": "scattercarpet"
           }
          ],
          "scattergeo": [
           {
            "marker": {
             "colorbar": {
              "outlinewidth": 0,
              "ticks": ""
             }
            },
            "type": "scattergeo"
           }
          ],
          "scattergl": [
           {
            "marker": {
             "colorbar": {
              "outlinewidth": 0,
              "ticks": ""
             }
            },
            "type": "scattergl"
           }
          ],
          "scattermapbox": [
           {
            "marker": {
             "colorbar": {
              "outlinewidth": 0,
              "ticks": ""
             }
            },
            "type": "scattermapbox"
           }
          ],
          "scatterpolar": [
           {
            "marker": {
             "colorbar": {
              "outlinewidth": 0,
              "ticks": ""
             }
            },
            "type": "scatterpolar"
           }
          ],
          "scatterpolargl": [
           {
            "marker": {
             "colorbar": {
              "outlinewidth": 0,
              "ticks": ""
             }
            },
            "type": "scatterpolargl"
           }
          ],
          "scatterternary": [
           {
            "marker": {
             "colorbar": {
              "outlinewidth": 0,
              "ticks": ""
             }
            },
            "type": "scatterternary"
           }
          ],
          "surface": [
           {
            "colorbar": {
             "outlinewidth": 0,
             "ticks": ""
            },
            "colorscale": [
             [
              0,
              "#0d0887"
             ],
             [
              0.1111111111111111,
              "#46039f"
             ],
             [
              0.2222222222222222,
              "#7201a8"
             ],
             [
              0.3333333333333333,
              "#9c179e"
             ],
             [
              0.4444444444444444,
              "#bd3786"
             ],
             [
              0.5555555555555556,
              "#d8576b"
             ],
             [
              0.6666666666666666,
              "#ed7953"
             ],
             [
              0.7777777777777778,
              "#fb9f3a"
             ],
             [
              0.8888888888888888,
              "#fdca26"
             ],
             [
              1,
              "#f0f921"
             ]
            ],
            "type": "surface"
           }
          ],
          "table": [
           {
            "cells": {
             "fill": {
              "color": "#EBF0F8"
             },
             "line": {
              "color": "white"
             }
            },
            "header": {
             "fill": {
              "color": "#C8D4E3"
             },
             "line": {
              "color": "white"
             }
            },
            "type": "table"
           }
          ]
         },
         "layout": {
          "annotationdefaults": {
           "arrowcolor": "#2a3f5f",
           "arrowhead": 0,
           "arrowwidth": 1
          },
          "autotypenumbers": "strict",
          "coloraxis": {
           "colorbar": {
            "outlinewidth": 0,
            "ticks": ""
           }
          },
          "colorscale": {
           "diverging": [
            [
             0,
             "#8e0152"
            ],
            [
             0.1,
             "#c51b7d"
            ],
            [
             0.2,
             "#de77ae"
            ],
            [
             0.3,
             "#f1b6da"
            ],
            [
             0.4,
             "#fde0ef"
            ],
            [
             0.5,
             "#f7f7f7"
            ],
            [
             0.6,
             "#e6f5d0"
            ],
            [
             0.7,
             "#b8e186"
            ],
            [
             0.8,
             "#7fbc41"
            ],
            [
             0.9,
             "#4d9221"
            ],
            [
             1,
             "#276419"
            ]
           ],
           "sequential": [
            [
             0,
             "#0d0887"
            ],
            [
             0.1111111111111111,
             "#46039f"
            ],
            [
             0.2222222222222222,
             "#7201a8"
            ],
            [
             0.3333333333333333,
             "#9c179e"
            ],
            [
             0.4444444444444444,
             "#bd3786"
            ],
            [
             0.5555555555555556,
             "#d8576b"
            ],
            [
             0.6666666666666666,
             "#ed7953"
            ],
            [
             0.7777777777777778,
             "#fb9f3a"
            ],
            [
             0.8888888888888888,
             "#fdca26"
            ],
            [
             1,
             "#f0f921"
            ]
           ],
           "sequentialminus": [
            [
             0,
             "#0d0887"
            ],
            [
             0.1111111111111111,
             "#46039f"
            ],
            [
             0.2222222222222222,
             "#7201a8"
            ],
            [
             0.3333333333333333,
             "#9c179e"
            ],
            [
             0.4444444444444444,
             "#bd3786"
            ],
            [
             0.5555555555555556,
             "#d8576b"
            ],
            [
             0.6666666666666666,
             "#ed7953"
            ],
            [
             0.7777777777777778,
             "#fb9f3a"
            ],
            [
             0.8888888888888888,
             "#fdca26"
            ],
            [
             1,
             "#f0f921"
            ]
           ]
          },
          "colorway": [
           "#636efa",
           "#EF553B",
           "#00cc96",
           "#ab63fa",
           "#FFA15A",
           "#19d3f3",
           "#FF6692",
           "#B6E880",
           "#FF97FF",
           "#FECB52"
          ],
          "font": {
           "color": "#2a3f5f"
          },
          "geo": {
           "bgcolor": "white",
           "lakecolor": "white",
           "landcolor": "#E5ECF6",
           "showlakes": true,
           "showland": true,
           "subunitcolor": "white"
          },
          "hoverlabel": {
           "align": "left"
          },
          "hovermode": "closest",
          "mapbox": {
           "style": "light"
          },
          "paper_bgcolor": "white",
          "plot_bgcolor": "#E5ECF6",
          "polar": {
           "angularaxis": {
            "gridcolor": "white",
            "linecolor": "white",
            "ticks": ""
           },
           "bgcolor": "#E5ECF6",
           "radialaxis": {
            "gridcolor": "white",
            "linecolor": "white",
            "ticks": ""
           }
          },
          "scene": {
           "xaxis": {
            "backgroundcolor": "#E5ECF6",
            "gridcolor": "white",
            "gridwidth": 2,
            "linecolor": "white",
            "showbackground": true,
            "ticks": "",
            "zerolinecolor": "white"
           },
           "yaxis": {
            "backgroundcolor": "#E5ECF6",
            "gridcolor": "white",
            "gridwidth": 2,
            "linecolor": "white",
            "showbackground": true,
            "ticks": "",
            "zerolinecolor": "white"
           },
           "zaxis": {
            "backgroundcolor": "#E5ECF6",
            "gridcolor": "white",
            "gridwidth": 2,
            "linecolor": "white",
            "showbackground": true,
            "ticks": "",
            "zerolinecolor": "white"
           }
          },
          "shapedefaults": {
           "line": {
            "color": "#2a3f5f"
           }
          },
          "ternary": {
           "aaxis": {
            "gridcolor": "white",
            "linecolor": "white",
            "ticks": ""
           },
           "baxis": {
            "gridcolor": "white",
            "linecolor": "white",
            "ticks": ""
           },
           "bgcolor": "#E5ECF6",
           "caxis": {
            "gridcolor": "white",
            "linecolor": "white",
            "ticks": ""
           }
          },
          "title": {
           "x": 0.05
          },
          "xaxis": {
           "automargin": true,
           "gridcolor": "white",
           "linecolor": "white",
           "ticks": "",
           "title": {
            "standoff": 15
           },
           "zerolinecolor": "white",
           "zerolinewidth": 2
          },
          "yaxis": {
           "automargin": true,
           "gridcolor": "white",
           "linecolor": "white",
           "ticks": "",
           "title": {
            "standoff": 15
           },
           "zerolinecolor": "white",
           "zerolinewidth": 2
          }
         }
        },
        "title": {
         "text": "Correlation among all variables"
        },
        "xaxis": {
         "anchor": "y",
         "constrain": "domain",
         "domain": [
          0,
          1
         ],
         "scaleanchor": "y"
        },
        "yaxis": {
         "anchor": "x",
         "autorange": "reversed",
         "constrain": "domain",
         "domain": [
          0,
          1
         ]
        }
       }
      },
      "text/html": [
